procs -----------memory---------- ---swap-- -----io---- -system-- -------cpu-------
 r  b   swpd   free   buff  cache   si   so    bi    bo   in   cs us sy id wa st gu
 0  0      0 85043124  23556 11639176    0    0    38  6426 90951   14  1  1 98  0  0  0
 0  0      0 85041400  23556 11639184    0    0     0     0  672  371  0  0 100  0  0  0
 0  0      0 85041160  23556 11639188    0    0     0    19  789  534  0  0 100  0  0  0
 0  0      0 85040164  23556 11639196    0    0     0     0  718  495  0  0 100  0  0  0
 0  0      0 85039940  23556 11639328    0    0     0     0  318  225  0  0 100  0  0  0
 0  0      0 85039940  23556 11639344    0    0     0     0  114  131  0  0 100  0  0  0
 0  0      0 85039940  23556 11639364    0    0     0     0  405  239  0  0 100  0  0  0
 0  0      0 85039688  23560 11639384    0    0     0    10  124  134  0  0 100  0  0  0
 0  0      0 85039688  23560 11639400    0    0     0     0  148  190  0  0 100  0  0  0
 0  0      0 85039436  23560 11639424    0    0     0     0  347  227  0  0 100  0  0  0
12  0      0 84947340  23560 11640292    0    0     0     0 44052 12840  1  1 99  0  0  0
10  0      0 84832680  23560 11747192    0    0     0     0 1423688 1441072 13 15 72  0  0  0
13  0      0 84727968  23560 11851928    0    0     0     0 1439297 1474802 13 14 73  0  0  0
29  0      0 84616764  23560 11961280    0    0     0    11 1454585 1514511 12 14 74  0  0  0
 4  0      0 84506708  23560 12069840    0    0     0     0 1442814 1474597 14 14 73  0  0  0
 9  0      0 84395552  23560 12180740    0    0     0     0 1459843 1522454 14 15 71  0  0  0
11  0      0 84285276  23560 12289952    0    0     0     0 1446398 1490005 13 14 73  0  0  0
10  0      0 84174548  23560 12398100    0    0     0     0 1428156 1443667 13 15 72  0  0  0
17  0      0 84063556  23560 12507136    0    0     0     6 1430000 1453318 14 14 72  0  0  0
 5  0      0 83952480  23560 12617240    0    0     0     0 1443306 1480364 14 14 73  0  0  0
16  0      0 83844036  23560 12725536    0    0     0     0 1438307 1471196 14 15 72  0  0  0
procs -----------memory---------- ---swap-- -----io---- -system-- -------cpu-------
 r  b   swpd   free   buff  cache   si   so    bi    bo   in   cs us sy id wa st gu
22  0      0 83735876  23560 12834280    0    0     0     0 1475553 1567386 13 14 73  0  0  0
15  0      0 83632168  23560 12944532    0    0     0     0 1424597 1424018 14 16 71  0  0  0
10  0      0 83521444  23560 13054836    0    0     0     6 1457700 1522250 13 13 74  0  0  0
21  0      0 83412812  23560 13162220    0    0     0     0 1438502 1468362 13 14 73  0  0  0
14  0      0 83302300  23560 13272628    0    0     0     0 1457871 1522994 15 14 71  0  0  0
14  0      0 83189268  23560 13383240    0    0     0     0 1478520 1578584 13 15 73  0  0  0
16  0      0 83080452  23560 13492264    0    0     0    10 1460840 1531462 14 15 71  0  0  0
10  0      0 82973084  23560 13600932    0    0     0    17 1469872 1558495 14 14 72  0  0  0
 8  0      0 82867176  23560 13711380    0    0     0     0 1452043 1506646 14 15 71  0  0  0
16  0      0 82758680  23560 13819972    0    0     0     0 1446943 1495317 14 14 71  0  0  0
23  0      0 82650012  23560 13928692    0    0     0     0 1453764 1518730 15 14 71  0  0  0
18  0      0 82536316  23560 14039680    0    0     0    10 1457161 1519487 14 14 72  0  0  0
16  0      0 82427068  23564 14148668    0    0     0     8 1460546 1528462 13 14 73  0  0  0
15  0      0 82315824  23564 14258024    0    0     0     0 1460222 1525237 15 14 71  0  0  0
12  0      0 82208400  23564 14367608    0    0     0     0 1455640 1522345 14 14 72  0  0  0
 9  0      0 82099752  23564 14476320    0    0     0     0 1459881 1524000 14 14 72  0  0  0
 6  0      0 81986976  23564 14586760    0    0     0   657 1467398 1541886 14 15 72  0  0  0
16  0      0 81877540  23564 14696148    0    0     0    10 1460609 1530631 15 14 71  0  0  0
 6  0      0 81766332  23564 14805036    0    0     0     0 1453772 1517128 14 14 72  0  0  0
14  0      0 81658248  23564 14914380    0    0     0     0 1473724 1565202 13 16 71  0  0  0
17  0      0 81546700  23564 15024792    0    0     0     0 1450347 1508990 13 14 74  0  0  0
procs -----------memory---------- ---swap-- -----io---- -system-- -------cpu-------
 r  b   swpd   free   buff  cache   si   so    bi    bo   in   cs us sy id wa st gu
20  1      0 81440876  23564 15133588    0    0     0 174080 1437071 1467179 13 14 73  0  0  0
 3  1      0 81331708  23568 15241652    0    0     0 129058 1435956 1467214 13 14 70  2  0  0
18  1      0 81221160  23568 15352856    0    0     0 126976 1423902 1431830 14 15 69  2  0  0
14  1      0 81114556  23568 15461772    0    0     0 129024 1426697 1444265 13 14 71  2  0  0
13  1      0 81004048  23568 15570984    0    0     0 126976 1431592 1461572 13 15 70  2  0  0
 5  1      0 80898608  23568 15679828    0    0     0 129024 1437309 1468935 13 14 71  2  0  0
17  1      0 80787288  23572 15790404    0    0     0 127068 1433852 1460909 13 14 71  2  0  0
14  1      0 80676412  23572 15900132    0    0     0 126976 1446019 1492136 13 14 71  2  0  0
17  1      0 80569100  23572 16007308    0    0     0 129024 1427065 1441676 14 14 71  2  0  0
 4  1      0 80461752  23572 16118608    0    0     0 126976 1429103 1450240 13 14 71  2  0  0
12  1      0 80352472  23572 16226208    0    0     0 131072 1430006 1445295 14 14 70  2  0  0
15  1      0 80237384  23572 16336916    0    0     0 127070 1425556 1440535 13 14 71  2  0  0
12  1      0 80130104  23572 16445580    0    0     0 129024 1433519 1459578 13 14 71  2  0  0
12  1      0 80020800  23572 16552864    0    0     0 126976 1421218 1429038 14 14 71  2  0  0
17  1      0 79909952  23572 16664560    0    0     0 129024 1424796 1445409 12 15 71  2  0  0
18  1      0 79799044  23572 16773768    0    0     0 126976 1437130 1470145 15 14 69  2  0  0
10  1      0 79689620  23576 16883028    0    0     0 127376 1423693 1430240 13 14 71  2  0  0
19  1      0 79585080  23576 16993028    0    0     0 129024 1428681 1447798 14 14 71  2  0  0
19  1      0 79477644  23576 17102196    0    0     0 126976 1413218 1407909 15 14 69  2  0  0
14  1      0 79368624  23576 17210760    0    0     0 129024 1436768 1471747 14 14 71  2  0  0
13  1      0 79255828  23576 17321512    0    0     0 129024 1474926 1566965 15 15 69  2  0  0
procs -----------memory---------- ---swap-- -----io---- -system-- -------cpu-------
 r  b   swpd   free   buff  cache   si   so    bi    bo   in   cs us sy id wa st gu
21  1      0 79144360  23576 17431048    0    0     0 127071 1431937 1461462 13 14 70  2  0  0
 8  1      0 79033244  23576 17539204    0    0     0 126982 1423799 1435121 14 14 70  2  0  0
19  1      0 78925480  23576 17648548    0    0     0 129024 1416398 1425022 13 14 72  2  0  0
16  1      0 78817912  23576 17757584    0    0     0 129024 1414059 1407482 13 15 70  2  0  0
 5  1      0 78708748  23576 17866436    0    0     0 129024 1430137 1453137 14 13 72  2  0  0
 9  0      0 78597220  23584 17976420    0    0     0 10339 1446697 1494186 13 14 72  1  0  0
