procs -----------memory---------- ---swap-- -----io---- -system-- -------cpu-------
 r  b   swpd   free   buff  cache   si   so    bi    bo   in   cs us sy id wa st gu
 0  0      0 95497580  24384 1169168    0    0     3   345 21482    3  0  0 100  0  0  0
 0  0      0 95497832  24384 1169176    0    0     0     0  705  353  0  0 100  0  0  0
 0  0      0 95497076  24384 1169184    0    0     0    33  802  449  0  0 100  0  0  0
 0  0      0 95496836  24384 1169188    0    0     0     0  559  328  0  0 100  0  0  0
 0  0      0 95497088  24384 1169188    0    0     0     0  371  329  0  0 100  0  0  0
 0  0      0 95497088  24384 1169188    0    0     0     0   99  118  0  0 100  0  0  0
 0  0      0 95497088  24384 1169188    0    0     0     0  148  224  0  0 100  0  0  0
 0  0      0 95497088  24384 1169188    0    0     0    34  371  231  0  0 100  0  0  0
 0  0      0 95497088  24384 1169188    0    0     0     0  189  216  0  0 100  0  0  0
 0  0      0 95497088  24384 1169192    0    0     0     0  347  255  0  0 100  0  0  0
 7  0      0 95498744  24384 1169320    0    0     0     0 165584 44242  1  2 96  0  0  0
 5  0      0 95498236  24384 1169320    0    0     0     0 1116997 293216  8 11 81  0  0  0
 5  0      0 95497980  24384 1169320    0    0     0    30 1118573 292288  9 12 80  0  0  0
10  0      0 95496972  24384 1169324    0    0     0     0 1121776 293635  9 12 80  0  0  0
 5  0      0 95496976  24384 1169324    0    0     0     0 1125695 294307  9 12 79  0  0  0
16  0      0 95496476  24384 1169328    0    0     0     0 1123059 292272  8 12 80  0  0  0
 1  0      0 95495740  24384 1169328    0    0     0     0 1115961 296586  8 11 80  0  0  0
 1  0      0 95495736  24384 1169328    0    0     0    23 1109327 293995  8 11 80  0  0  0
 3  0      0 95495484  24384 1169328    0    0     0     0 1118423 297745  8 11 80  0  0  0
 8  0      0 95494972  24384 1169328    0    0     0     0 1115446 294679  8 11 80  0  0  0
17  0      0 95494716  24384 1169328    0    0     0     0 1114507 295991  9 11 80  0  0  0
procs -----------memory---------- ---swap-- -----io---- -system-- -------cpu-------
 r  b   swpd   free   buff  cache   si   so    bi    bo   in   cs us sy id wa st gu
10  0      0 95494460  24384 1169328    0    0     0     0 1107133 293522  8 12 80  0  0  0
 9  0      0 95494464  24388 1169332    0    0     0    26 1108104 292027  8 11 81  0  0  0
19  0      0 95494212  24388 1169332    0    0     0     0 1114000 293310  8 12 80  0  0  0
 7  0      0 95493960  24388 1169332    0    0     0     0 1116768 293819  8 11 81  0  0  0
17  0      0 95493456  24388 1169336    0    0     0     0 1119720 293837  9 12 80  0  0  0
 9  0      0 95495980  24388 1169336    0    0     0     0 1124281 297461  9 11 79  0  0  0
14  2      0 95495712  24388 1169336    0    0     0    11 1121227 298286  7 11 81  0  0  0
 3  0      0 95495464  24388 1169340    0    0     0    12 1126117 297811  9 11 80  0  0  0
 1  0      0 95495456  24388 1169340    0    0     0     0 1123000 297350  8 12 80  0  0  0
10  0      0 95495204  24388 1169340    0    0     0     0 1127407 295600  8 11 81  0  0  0
14  0      0 95495464  24388 1169340    0    0     0     0 1119466 293115  9 12 80  0  0  0
 3  0      0 95494956  24388 1169340    0    0     0     0 1121813 297010  9 11 80  0  0  0
 1  0      0 95494224  24388 1169340    0    0     0    33 1121703 298394  9 11 79  0  0  0
 8  0      0 95493972  24388 1169344    0    0     0     0 1127366 295674  9 12 79  0  0  0
 8  0      0 95493468  24388 1169344    0    0     0     0 1128482 295848  9 10 81  0  0  0
13  0      0 95492596  24388 1169344    0    0     0     0 1126023 294446  9 12 80  0  0  0
 9  0      0 95492348  24388 1169348    0    0     0     0 1123625 295300  9 11 80  0  0  0
17  0      0 95490828  24392 1169348    0    0     0    23 1122096 297445  9 11 80  0  0  0
 7  0      0 95490820  24392 1169348    0    0     0     0 1118478 294090  9 12 79  0  0  0
 7  0      0 95491340  24392 1169348    0    0     0     0 1121196 294066  8 11 80  0  0  0
 3  0      0 95490588  24392 1169352    0    0     0     0 1128538 296412  9 12 79  0  0  0
procs -----------memory---------- ---swap-- -----io---- -system-- -------cpu-------
 r  b   swpd   free   buff  cache   si   so    bi    bo   in   cs us sy id wa st gu
17  0      0 95490340  24392 1169356    0    0     0     0 1124654 295265  8 12 79  0  0  0
19  0      0 95490100  24392 1169356    0    0     0    24 1126086 295891  8 12 80  0  0  0
 1  0      0 95490120  24392 1169356    0    0     0     0 1127561 300267  9 12 80  0  0  0
 7  0      0 95489108  24392 1169356    0    0     0     0 1124328 293941  9 11 80  0  0  0
12  0      0 95489360  24392 1169356    0    0     0     0 1120773 296350  9 13 78  0  0  0
 5  0      0 95489620  24392 1169360    0    0     0     0 1122992 296802  8 10 81  0  0  0
 5  0      0 95489392  24392 1169364    0    0     0    28 1123864 300482  8 11 80  0  0  0
17  0      0 95489144  24392 1169364    0    0     0     0 1124258 294311  9 12 79  0  0  0
12  0      0 95488640  24392 1169364    0    0     0     0 1119496 293988  9 11 80  0  0  0
10  0      0 95488136  24392 1169368    0    0     0     0 1121488 291888  8 10 81  0  0  0
12  0      0 95488128  24392 1169368    0    0     0     0 1122896 297621  8 11 81  0  0  0
 2  0      0 95488388  24400 1169372    0    0     0    21 1118889 295124 10 12 78  0  0  0
 7  0      0 95488392  24400 1169372    0    0     0     0 1130651 300557  9 12 79  0  0  0
 6  0      0 95487636  24400 1169372    0    0     0     0 1130025 299008  9 12 79  0  0  0
 1  0      0 95486872  24400 1169372    0    0     0     0 1125267 295829  8 12 79  0  0  0
11  0      0 95486644  24400 1169376    0    0     0     0 1126147 302644  8 12 80  0  0  0
 4  0      0 95486888  24400 1169380    0    0     0    14 1124739 299038  8 11 81  0  0  0
 2  0      0 95486636  24400 1169380    0    0     0    15 1126590 303936  9 11 79  0  0  0
 1  0      0 95486884  24400 1169384    0    0     0     0 1121439 299852  9 12 79  0  0  0
 8  0      0 95486876  24400 1169384    0    0     0     0 1116154 299912  8 11 81  0  0  0
 8  0      0 95486632  24400 1169384    0    0     0     0 1123161 299816  8 11 81  0  0  0
procs -----------memory---------- ---swap-- -----io---- -system-- -------cpu-------
 r  b   swpd   free   buff  cache   si   so    bi    bo   in   cs us sy id wa st gu
 4  0      0 95486388  24400 1169384    0    0     0    13 1135405 303360  8 11 81  0  0  0
 2  0      0 95486132  24400 1169384    0    0     0    15 1139734 305944  9 12 79  0  0  0
 7  0      0 95486388  24400 1169384    0    0     0     0 1133504 300924  8 11 80  0  0  0
11  0      0 95486644  24400 1169388    0    0     0     0 1130566 298930  9 11 80  0  0  0
17  0      0 95485888  24400 1169388    0    0     0     0 1118641 297052  8 11 81  0  0  0
 3  0      0 95485636  24400 1169388    0    0     0    11 1130509 300261  8 11 80  0  0  0
