procs -----------memory---------- ---swap-- -----io---- -system-- -------cpu-------
 r  b   swpd   free   buff  cache   si   so    bi    bo   in   cs us sy id wa st gu
 0  0      0 95944196  23048 725508    0    0    12   448 67054   14  0  1 99  0  0  0
 0  0      0 95943532  23048 725516    0    0     0     0  659  375  0  0 100  0  0  0
 0  0      0 95942800  23048 725520    0    0     0    20  777  514  0  0 100  0  0  0
 1  0      0 95942044  23048 725528    0    0     0     0  605  345  0  0 100  0  0  0
 0  0      0 95941572  23048 725704    0    0     0     0  371  300  0  0 100  0  0  0
 0  0      0 95941572  23048 725720    0    0     0     0  108  120  0  0 100  0  0  0
 0  0      0 95941572  23048 725740    0    0     0     0  137  170  0  0 100  0  0  0
 0  0      0 95941572  23052 725756    0    0     0    10  121  144  0  0 100  0  0  0
 0  0      0 95941572  23052 725776    0    0     0     0  413  232  0  0 100  0  0  0
 0  0      0 95939080  23052 725800    0    0     0     0  491  279  0  0 100  0  0  0
25  0      0 95934060  23052 725936    0    0     0     0 268788 104693  8  3 89  0  0  0
23  0      0 95928260  23052 725952    0    0     0     0 1234636 466611 34 15 52  0  0  0
19  0      0 95930964  23052 725972    0    0     0     2 1237717 470779 35 15 50  0  0  0
24  0      0 95932532  23056 725972    0    0     0    11 1237010 467276 36 14 49  0  0  0
33  0      0 95931400  23056 726016    0    0     0     0 1236806 468403 36 14 50  0  0  0
24  0      0 95926976  23056 726032    0    0     0     0 1231902 468986 34 15 51  0  0  0
25  0      0 95934796  23056 726056    0    0     0     0 1236200 470263 35 14 51  0  0  0
26  0      0 95927364  23056 726076    0    0     0     0 1237832 473879 33 15 52  0  0  0
27  0      0 95926492  23056 726092    0    0     0     5 1240342 473406 36 14 50  0  0  0
10  0      0 95930324  23056 726112    0    0     0     0 1235813 473689 35 14 51  0  0  0
23  0      0 95927620  23056 726112    0    0     0     0 1237927 474890 35 15 50  0  0  0
procs -----------memory---------- ---swap-- -----io---- -system-- -------cpu-------
 r  b   swpd   free   buff  cache   si   so    bi    bo   in   cs us sy id wa st gu
24  0      0 95926016  23056 726152    0    0     0     0 1234850 473044 35 15 50  0  0  0
22  0      0 95927624  23056 726172    0    0     0     0 1234044 474655 34 14 51  0  0  0
25  0      0 95928576  23056 726192    0    0     0     5 1235946 475241 35 13 51  0  0  0
33  0      0 95922704  23056 726220    0    0     0     0 1235395 475352 35 16 49  0  0  0
20  0      0 95928400  23056 726240    0    0     0     0 1234799 473682 34 14 51  0  0  0
16  0      0 95922608  23056 726264    0    0     0     0 1235148 473314 34 14 52  0  0  0
25  0      0 95930168  23056 726264    0    0     0     9 1229823 471704 35 14 51  0  0  0
19  0      0 95923740  23056 726308    0    0     0    15 1237973 474583 35 14 50  0  0  0
20  0      0 95926308  23056 726328    0    0     0     0 1234174 471516 34 14 52  0  0  0
13  0      0 95923704  23056 726348    0    0     0     0 1242630 473156 34 15 51  0  0  0
12  0      0 95925688  23056 726368    0    0     0     0 1241567 476077 35 15 51  0  0  0
17  0      0 95925020  23056 726388    0    0     0    10 1236995 475903 34 14 51  0  0  0
32  0      0 95928636  23056 726408    0    0     0     7 1237068 476222 35 14 51  0  0  0
21  0      0 95922020  23056 726432    0    0     0     0 1243260 476053 35 15 50  0  0  0
20  0      0 95924572  23056 726452    0    0     0     0 1233603 473397 33 14 53  0  0  0
25  0      0 95924032  23056 726476    0    0     0     0 1237785 474018 34 15 51  0  0  0
 7  0      0 95925936  23056 726476    0    0     0   657 1242201 475987 35 14 51  0  0  0
23  0      0 95921704  23056 726520    0    0     0    10 1234928 471466 35 15 50  0  0  0
28  0      0 95926676  23056 726536    0    0     0     0 1235853 473735 35 14 51  0  0  0
25  0      0 95922084  23056 726560    0    0     0     0 1232028 474762 34 14 51  0  0  0
21  0      0 95926120  23056 726580    0    0     0     0 1230789 473965 33 14 53  0  0  0
procs -----------memory---------- ---swap-- -----io---- -system-- -------cpu-------
 r  b   swpd   free   buff  cache   si   so    bi    bo   in   cs us sy id wa st gu
27  0      0 95922304  23056 726608    0    0     0    35 1232953 473437 35 14 50  0  0  0
26  0      0 95925344  23060 726624    0    0     0     9 1236017 471333 35 14 51  0  0  0
 6  0      0 95921260  23060 726652    0    0     0     0 1238366 474539 33 15 52  0  0  0
29  0      0 95924816  23060 726668    0    0     0     0 1234804 470930 36 14 50  0  0  0
22  0      0 95923832  23060 726692    0    0     0     0 1227000 469247 34 14 53  0  0  0
28  0      0 95925444  23060 726712    0    0     0     0 1231542 470520 35 14 51  0  0  0
21  0      0 95922068  23060 726736    0    0     0     5 1235135 472989 36 15 49  0  0  0
20  0      0 95924808  23060 726752    0    0     0     0 1228338 470991 34 14 51  0  0  0
20  0      0 95920716  23060 726772    0    0     0     0 1230168 471377 34 14 52  0  0  0
15  0      0 95924056  23060 726792    0    0     0     0 1231680 472469 36 13 51  0  0  0
18  0      0 95920240  23060 726812    0    0     0     0 1231785 473693 33 14 52  0  0  0
21  0      0 95924696  23060 726832    0    0     0     0 1234187 473745 36 14 50  0  0  0
15  0      0 95921276  23060 726856    0    0     0     5 1236981 471630 34 14 52  0  0  0
26  0      0 95926216  23060 726856    0    0     0     0 1230614 470166 34 13 52  0  0  0
19  0      0 95920504  23060 726892    0    0     0     0 1231014 473078 34 14 52  0  0  0
26  0      0 95924340  23060 726896    0    0     0     0 1234892 472261 35 13 51  0  0  0
29  0      0 95920680  23060 726940    0    0     0     0 1233327 474064 35 14 51  0  0  0
31  0      0 95926016  23060 726956    0    0     0     5 1230047 470631 35 14 51  0  0  0
20  0      0 95923080  23060 726980    0    0     0     0 1232145 473234 33 15 52  0  0  0
30  0      0 95925592  23060 727000    0    0     0     0 1233093 472045 35 14 51  0  0  0
24  0      0 95922096  23060 727016    0    0     0     3 1236868 473367 36 14 51  0  0  0
procs -----------memory---------- ---swap-- -----io---- -system-- -------cpu-------
 r  b   swpd   free   buff  cache   si   so    bi    bo   in   cs us sy id wa st gu
16  0      0 95927772  23060 727016    0    0     0     0 1231646 471685 34 14 52  0  0  0
17  0      0 95921192  23060 727060    0    0     0     7 1233487 471270 35 15 50  0  0  0
29  0      0 95925604  23060 727080    0    0     0     0 1230341 471885 35 15 50  0  0  0
20  0      0 95920560  23060 727100    0    0     0     0 1232319 471901 34 15 51  0  0  0
16  0      0 95926308  23060 727128    0    0     2     0 1230263 471984 35 15 50  0  0  0
21  0      0 95918156  23060 729068    0    0     0    27 1230010 472473 36 14 50  0  0  0
