procs -----------memory---------- ---swap-- -----io---- -system-- -------cpu-------
 r  b   swpd   free   buff  cache   si   so    bi    bo   in   cs us sy id wa st gu
 0  0      0 95916916  22936 787668    0    0    12   474 23931    4  0  0 100  0  0  0
 0  0      0 95916216  22936 787676    0    0     0     0  697  319  0  0 100  0  0  0
 1  0      0 95915992  22936 787716    0    0     0     0  711  494  0  0 100  0  0  0
 0  0      0 95915488  22936 787724    0    0     0     0  518  312  0  0 100  0  0  0
 0  0      0 95915488  22936 787724    0    0     0     0  119  125  0  0 100  0  0  0
 0  0      0 95915488  22940 787720    0    0     0    23  132  150  0  0 100  0  0  0
 0  0      0 95887696  22980 787704    0    0     0   532 2291 3305  0  0 100  0  0  0
 7  0      0 95860352  22980 788064    0    0     0    46 1434135 1405532  3 16 81  0  0  0
19  0      0 95858704  22980 788064    0    0     0     0 1675806 1667559  3 19 78  0  0  0
 7  0      0 95857528  22980 788068    0    0     0     0 1629029 1614286  4 21 75  0  0  0
20  0      0 95854992  22980 788068    0    0     0     0 1669679 1662502  3 20 77  0  0  0
11  0      0 95853952  22980 788068    0    0     0     0 1619703 1603398  4 21 75  0  0  0
 8  0      0 95852020  22984 788068    0    0     0    13 1627902 1615948  4 21 75  0  0  0
 8  0      0 95850408  22984 788072    0    0     0     0 1622686 1610364  4 20 76  0  0  0
20  0      0 95848344  22984 788072    0    0     0     0 1637603 1628016  4 20 77  0  0  0
 7  0      0 95847216  22984 788072    0    0     0     0 1627845 1615585  4 18 77  0  0  0
17  0      0 95845580  22984 788076    0    0     0     0 1603489 1585696  5 23 72  0  0  0
 8  0      0 95845496  22984 788076    0    0     0     5 1579147 1558886  4 22 73  0  0  0
 0  0      0 95845232  22984 788076    0    0     0     0 1575062 1554926  4 22 73  0  0  0
21  0      0 95844816  22984 788076    0    0     0     0 1623542 1610258  3 20 76  0  0  0
16  0      0 95845032  22984 788076    0    0     0     0 1594035 1577872  4 22 74  0  0  0
procs -----------memory---------- ---swap-- -----io---- -system-- -------cpu-------
 r  b   swpd   free   buff  cache   si   so    bi    bo   in   cs us sy id wa st gu
13  0      0 95843664  22984 788076    0    0     0     0 1588121 1568135  4 21 75  0  0  0
11  0      0 95846048  22984 788076    0    0     0     5 1547799 1520254  5 23 72  0  0  0
 9  0      0 95845592  22984 788080    0    0     0     0 1606889 1590996  4 22 74  0  0  0
11  0      0 95845552  22984 788080    0    0     0     0 1561608 1536182  4 21 75  0  0  0
29  0      0 95844524  22984 788080    0    0     0     0 1577422 1558169  4 20 76  0  0  0
 2  0      0 95844184  22984 788084    0    0     0     0 1596083 1579245  4 18 78  0  0  0
10  0      0 95843856  22988 788084    0    0     0     5 1570392 1549124  4 23 73  0  0  0
 7  0      0 95843420  22988 788084    0    0     0     0 1628579 1616991  3 20 77  0  0  0
 6  0      0 95842612  22988 788088    0    0     0     0 1613900 1599882  3 20 77  0  0  0
10  0      0 95842652  22988 788088    0    0     0     0 1579856 1560300  4 20 76  0  0  0
 8  0      0 95841692  22988 788088    0    0     0     0 1615059 1599798  4 21 75  0  0  0
16  0      0 95841900  22988 788088    0    0     0     5 1593166 1574818  4 21 74  0  0  0
 6  0      0 95841280  22988 788088    0    0     0     0 1620710 1607111  4 18 78  0  0  0
11  0      0 95839584  22988 788088    0    0     0     0 1582988 1565005  5 20 75  0  0  0
13  0      0 95840356  22988 788092    0    0     0     0 1592232 1575094  4 20 76  0  0  0
13  0      0 95840356  22988 788092    0    0     0     0 1598620 1579018  4 19 77  0  0  0
 7  0      0 95838468  22988 788108    0    0     0    21 1577937 1557277  4 20 75  0  0  0
13  0      0 95838096  22996 788108    0    0     0    11 1608941 1595733  4 21 75  0  0  0
19  0      0 95837788  22996 788108    0    0     0     0 1566123 1543295  4 20 75  0  0  0
13  0      0 95837372  22996 788108    0    0     0     0 1566780 1542675  4 21 74  0  0  0
20  0      0 95837184  22996 788108    0    0     0     0 1574339 1553196  4 23 73  0  0  0
procs -----------memory---------- ---swap-- -----io---- -system-- -------cpu-------
 r  b   swpd   free   buff  cache   si   so    bi    bo   in   cs us sy id wa st gu
17  0      0 95837544  22996 788116    0    0     0    43 1547212 1521068  4 22 73  0  0  0
 8  0      0 95837312  22996 788116    0    0     0     9 1541759 1511028  4 22 74  0  0  0
14  0      0 95837028  22996 788116    0    0     0     0 1551786 1523955  5 22 74  0  0  0
25  0      0 95837040  22996 788116    0    0     0     0 1549846 1522506  5 21 75  0  0  0
19  0      0 95837432  22996 788116    0    0     0     0 1515035 1477869  5 23 73  0  0  0
13  0      0 95837372  22996 788120    0    0     0     0 1539707 1523612  4 20 75  0  0  0
11  0      0 95836944  23000 788124    0    0     0     5 1552104 1539654  5 23 73  0  0  0
19  0      0 95834564  23000 788124    0    0     0     0 1567221 1545404  4 21 75  0  0  0
11  0      0 95834908  23000 788124    0    0     0     0 1540233 1509852  4 24 72  0  0  0
 8  0      0 95834780  23000 788124    0    0     0     0 1518574 1483649  4 23 73  0  0  0
19  0      0 95834480  23000 788128    0    0     0     0 1549451 1521422  5 22 74  0  0  0
23  0      0 95834032  23004 788128    0    0     0     5 1552004 1526117  5 24 71  0  0  0
18  0      0 95833756  23004 788132    0    0     0     0 1544404 1515516  4 22 73  0  0  0
 3  0      0 95834900  23004 788132    0    0     0     0 1542913 1514684  4 22 74  0  0  0
11  0      0 95834168  23004 788132    0    0     0     0 1554535 1528907  5 22 73  0  0  0
 8  0      0 95833812  23004 788136    0    0     0     0 1579227 1561329  4 20 77  0  0  0
 9  0      0 95834732  23004 788136    0    0     0     5 1575329 1557346  4 21 74  0  0  0
 6  0      0 95836272  23004 788136    0    0     0     0 1568057 1546122  4 20 76  0  0  0
 4  0      0 95835412  23004 788144    0    0     0     0 1551415 1525557  5 20 75  0  0  0
 3  0      0 95836328  23004 788144    0    0     0     0 1541905 1510706  4 22 73  0  0  0
26  0      0 95836312  23004 788144    0    0     0     0 1544255 1516900  4 23 73  0  0  0
procs -----------memory---------- ---swap-- -----io---- -system-- -------cpu-------
 r  b   swpd   free   buff  cache   si   so    bi    bo   in   cs us sy id wa st gu
 6  0      0 95836120  23004 788144    0    0     0     5 1518515 1482279  4 23 73  0  0  0
11  0      0 95836108  23004 788144    0    0     0     0 1526267 1488871  5 23 72  0  0  0
19  0      0 95835712  23004 788144    0    0     0     0 1532338 1499284  5 22 73  0  0  0
 2  0      0 95835632  23004 788144    0    0     0     0 1568723 1547438  4 22 74  0  0  0
30  0      0 95835352  23004 788148    0    0     0    30 1528269 1494149  5 24 71  0  0  0
10  0      0 95836272  23004 788148    0    0     0     0 1541964 1512132  5 22 74  0  0  0
