procs -----------memory---------- ---swap-- -----io---- -system-- -------cpu-------
 r  b   swpd   free   buff  cache   si   so    bi    bo   in   cs us sy id wa st gu
 0  0      0 95959352  22832 722688    0    0    13   473 19030    4  0  0 100  0  0  0
 0  0      0 95957880  22832 722680    0    0     0     0  677  351  0  0 100  0  0  0
 0  0      0 95957400  22832 722676    0    0     0    48  829  570  0  0 100  0  0  0
 0  0      0 95957428  22832 722612    0    0     0     0  661  355  0  0 100  0  0  0
 0  0      0 95956956  22832 721440    0    0     0     0  449  445  0  0 100  0  0  0
 0  0      0 95956956  22832 721456    0    0     0     0  115  134  0  0 100  0  0  0
 0  0      0 95956956  22832 721476    0    0     0     0  119  131  0  0 100  0  0  0
 0  0      0 95956956  22836 721492    0    0     0    18  156  177  0  0 100  0  0  0
 0  0      0 95956956  22836 721512    0    0     0     0  205  219  0  0 100  0  0  0
 1  0      0 95956732  22836 721532    0    0     0     0  386  246  0  0 100  0  0  0
 4  0      0 95951368  22836 724676    0    0  3087     0 261585 243430  2  2 96  0  0  0
12  0      0 95947268  22836 724804    0    0     0     0 1562534 1931871 10 13 77  0  0  0
16  0      0 95947260  22836 724824    0    0     0     0 1557446 1925251 10 13 78  0  0  0
14  0      0 95947260  22836 724848    0    0     0    11 1565127 1938590  9 13 78  0  0  0
 7  0      0 95947252  22836 724868    0    0     0     0 1574522 1964056  9 13 78  0  0  0
 6  0      0 95947256  22836 724884    0    0     0     0 1558823 1924521 10 12 77  0  0  0
 5  0      0 95947256  22836 724908    0    0     0     0 1569029 1944818 10 12 77  0  0  0
 7  0      0 95947256  22836 724928    0    0     0   291 1567183 1943401 10 12 78  0  0  0
18  0      0 95947260  22836 724944    0    0     0    15 1563229 1937603 10 13 77  0  0  0
 9  0      0 95947512  22836 724964    0    0     0     0 1563758 1934921  8 13 78  0  0  0
 8  0      0 95947516  22836 724984    0    0     0     0 1561654 1932763  9 12 79  0  0  0
procs -----------memory---------- ---swap-- -----io---- -system-- -------cpu-------
 r  b   swpd   free   buff  cache   si   so    bi    bo   in   cs us sy id wa st gu
14  0      0 95947516  22836 725004    0    0     0     0 1560752 1926756  9 12 78  0  0  0
 2  0      0 95947516  22836 725020    0    0     0     0 1562407 1931941 10 13 77  0  0  0
16  0      0 95947520  22836 725044    0    0     0     5 1565935 1942215 10 13 78  0  0  0
 2  0      0 95947520  22836 725064    0    0     0     0 1561082 1931770 10 13 78  0  0  0
 8  0      0 95947520  22836 725084    0    0     0     0 1568583 1947387 10 12 78  0  0  0
 7  0      0 95947524  22836 725104    0    0     0     0 1567934 1944245  9 12 79  0  0  0
13  0      0 95947524  22836 725124    0    0     0     0 1562996 1937577  9 13 79  0  0  0
 7  0      0 95947520  22840 725136    0    0     0     5 1566817 1944985  9 13 78  0  0  0
14  0      0 95947512  22840 725164    0    0     0     0 1561538 1930626 10 13 78  0  0  0
14  0      0 95947512  22840 725184    0    0     0     0 1568095 1948327 10 12 79  0  0  0
10  0      0 95947496  22840 725204    0    0     0     0 1562954 1937609  9 13 78  0  0  0
 1  0      0 95947240  22840 725220    0    0     0     0 1567639 1944154  9 12 79  0  0  0
 8  0      0 95947240  22844 725236    0    0     0     5 1566308 1942417  9 12 79  0  0  0
13  0      0 95944936  22844 725264    0    0     0     0 1565460 1941680  8 13 79  0  0  0
10  0      0 95945192  22844 725280    0    0     0     0 1564386 1937221  9 13 78  0  0  0
14  0      0 95944952  22844 725308    0    0     0     0 1561260 1932507  9 13 79  0  0  0
12  0      0 95944952  22844 725328    0    0     0     0 1563763 1936451 10 13 77  0  0  0
 1  0      0 95944708  22844 725348    0    0     0     5 1562511 1936383  9 12 79  0  0  0
12  0      0 95944708  22844 725364    0    0     0     0 1573599 1956500 10 12 78  0  0  0
17  0      0 95944204  22844 725384    0    0     0     0 1569136 1948589  9 12 79  0  0  0
 8  0      0 95944204  22844 725412    0    0     0     0 1562518 1932624  9 13 78  0  0  0
procs -----------memory---------- ---swap-- -----io---- -system-- -------cpu-------
 r  b   swpd   free   buff  cache   si   so    bi    bo   in   cs us sy id wa st gu
 6  0      0 95944204  22844 725432    0    0     0     0 1568589 1950472  9 12 78  0  0  0
 5  0      0 95943952  22844 725452    0    0     0     5 1575557 1964938  9 13 78  0  0  0
 1  0      0 95943956  22844 725476    0    0     0     0 1565532 1941366  9 14 77  0  0  0
 9  0      0 95943952  22844 725492    0    0     0     0 1575879 1964962 10 14 76  0  0  0
12  0      0 95943952  22844 725516    0    0     0     0 1565691 1945361  9 12 79  0  0  0
11  0      0 95943728  22844 725536    0    0     0     0 1571894 1952721  9 12 79  0  0  0
12  0      0 95943220  22848 725572    0    0     0    34 1573164 1958551  9 13 78  0  0  0
 6  0      0 95943220  22848 725596    0    0     0     0 1562298 1934407  9 13 78  0  0  0
10  0      0 95943216  22848 725620    0    0     0     0 1565636 1942623  9 12 79  0  0  0
 3  0      0 95943220  22848 725648    0    0     0     0 1572089 1954140  9 13 78  0  0  0
16  0      0 95943208  22848 725664    0    0     0     0 1565495 1940958  9 13 78  0  0  0
14  0      0 95943204  22848 725684    0    0     0   699 1563905 1935792  9 13 78  0  0  0
13  0      0 95943204  22848 725712    0    0     0     0 1568211 1952984 10 13 77  0  0  0
11  0      0 95943200  22848 725732    0    0     0     0 1566902 1947229  9 12 78  0  0  0
17  0      0 95943196  22848 725748    0    0     0     0 1573482 1961930 10 12 78  0  0  0
 7  0      0 95943196  22848 725776    0    0     0     0 1569501 1953810 10 12 78  0  0  0
 3  0      0 95943192  22848 725796    0    0     0     0 1567916 1946878  9 12 78  0  0  0
15  0      0 95943192  22848 725812    0    0     0     5 1559913 1926488  9 13 79  0  0  0
17  0      0 95943192  22848 725840    0    0     0     0 1567526 1940780 10 13 77  0  0  0
10  0      0 95943192  22848 725860    0    0     0     0 1556863 1923267  9 12 79  0  0  0
 7  0      0 95943188  22848 725876    0    0     0     0 1566444 1942146 10 12 78  0  0  0
procs -----------memory---------- ---swap-- -----io---- -system-- -------cpu-------
 r  b   swpd   free   buff  cache   si   so    bi    bo   in   cs us sy id wa st gu
 5  0      0 95942936  22848 725896    0    0     0     0 1559571 1926324  9 13 78  0  0  0
14  0      0 95942428  22848 725920    0    0     0     5 1561373 1932484  9 13 78  0  0  0
15  0      0 95942424  22848 725944    0    0     0     0 1565680 1940854 11 13 77  0  0  0
11  0      0 95942420  22848 725960    0    0     0     0 1562037 1929987 10 13 77  0  0  0
 8  0      0 95942420  22848 725988    0    0     0     0 1567603 1943243 10 13 76  0  0  0
15  0      0 95942424  22848 726008    0    0     0     0 1575232 1959794  9 13 78  0  0  0
